V 54
K 1
D 0 -254000 0 0
Y 1
U 1651000 762000 254000 0 2 3 REFDES=J?
U 1651000 508000 254000 0 2 3 DEVICE=961102-6404-AR
U 1651000 254000 254000 0 2 0 PKG_TYPE=HDRV2W64P0X254_1X2_508X250X820P
U 1651000 0 254000 0 2 0 Description=3M 961, 2 Way, 1 Row, Straight Pin Header
U 1651000 -254000 254000 0 2 0 Datasheet Link=
U 1651000 -508000 254000 0 2 0 Height=8.2
U 1651000 -762000 254000 0 2 0 Mouser Part Number=517-9611026404AR
U 1651000 -1016000 254000 0 2 0 Mouser Price/Stock=https://www.mouser.co.uk/ProductDetail/3M-Electronic-Solutions-Division/961102-6404-AR?qs=A%252BtsDZJT%252Bi9E8bBrCfg1XA%3D%3D
U 1651000 -1270000 254000 0 2 0 Manufacturer_Name=3M
U 1651000 -1524000 254000 0 2 0 Manufacturer_Part_Number=961102-6404-AR
U 0 0 254000 0 1 0 FORWARD_PCB=1
l 5 508000 254000 1524000 254000 1524000 -508000 508000 -508000 508000 254000
|GRPHSTL -1 -1 -1 1
P 1 0 0 508000 0 0 2 0
L 584200 0 228600 0 2 0 1 0 1
A 355600 50800 203200 0 9 3 #=1
A 0 0 9 0 3 0 PINTYPE=BI
P 2 0 -254000 508000 -254000 0 2 0
L 584200 -254000 228600 0 2 0 1 0 2
A 355600 -203200 203200 0 9 3 #=2
A 0 0 9 0 3 0 PINTYPE=BI
E
