V 54
K 1
D 0 -254000 2032000 0
Y 1
U 1651000 762000 254000 0 2 3 REFDES=IC?
U 1651000 508000 254000 0 2 3 DEVICE=SI2301CDS-T1-GE3
U 1651000 254000 254000 0 2 0 PKG_TYPE=SOT95P237X112-3N
U 1651000 0 254000 0 2 0 Description=SI2301CDS-T1-GE3, P-channel MOSFET Transistor 2.3 A 20 V, 3-Pin SOT-23, TO-236
U 1651000 -254000 254000 0 2 0 Datasheet Link=http://www.vishay.com/docs/68741/si2301cd.pdf
U 1651000 -508000 254000 0 2 0 Height=1.12
U 1651000 -762000 254000 0 2 0 Mouser Part Number=781-SI2301CDS-T1-GE3
U 1651000 -1016000 254000 0 2 0 Mouser Price/Stock=https://www.mouser.co.uk/ProductDetail/Vishay-Semiconductors/SI2301CDS-T1-GE3?qs=IRuQNBqMOcnWEzfGi6KYYw%3D%3D
U 1651000 -1270000 254000 0 2 0 Manufacturer_Name=Vishay
U 1651000 -1524000 254000 0 2 0 Manufacturer_Part_Number=SI2301CDS-T1-GE3
U 0 0 254000 0 1 0 FORWARD_PCB=1
l 5 508000 254000 1524000 254000 1524000 -508000 508000 -508000 508000 254000
|GRPHSTL -1 -1 -1 1
P 1 0 0 508000 0 0 2 0
L 584200 0 228600 0 2 0 1 0 G
A 355600 50800 203200 0 9 3 #=1
A 0 0 9 0 3 0 PINTYPE=BI
P 2 0 -254000 508000 -254000 0 2 0
L 584200 -254000 228600 0 2 0 1 0 S
A 355600 -203200 203200 0 9 3 #=2
A 0 0 9 0 3 0 PINTYPE=BI
P 3 2032000 0 1524000 0 0 3 0
L 1447800 0 228600 0 8 0 1 0 D
A 1676400 50800 203200 0 3 3 #=3
A 0 0 9 0 3 0 PINTYPE=BI
E
