V 54
K 1
D 0 -1270000 2540000 1270000
Y 1
U 2159000 1270000 254000 0 2 3 REFDES=J?
U 2159000 1016000 254000 0 2 3 DEVICE=5747840-6
U 2159000 762000 254000 0 2 0 PKG_TYPE=TE-5747840-6
U 2159000 508000 254000 0 2 0 Description=9 way r/a PCB D plug w/screw lock,6A
U 2159000 254000 254000 0 2 0 Datasheet Link=https://datasheet.datasheetarchive.com/originals/distributors/Datasheets_SAMA/6d328899bf3b4d94f3f5cd289f57cd42.pdf
U 2159000 0 254000 0 2 0 Height=12.6
U 2159000 -254000 254000 0 2 0 Mouser Part Number=571-5747840-6
U 2159000 -508000 254000 0 2 0 Mouser Price/Stock=https://www.mouser.co.uk/ProductDetail/TE-Connectivity/5747840-6?qs=x6EjVpvqMVN1FSGGZ1Dvpg%3D%3D
U 2159000 -762000 254000 0 2 0 Manufacturer_Name=TE Connectivity
U 2159000 -1016000 254000 0 2 0 Manufacturer_Part_Number=5747840-6
U 0 0 254000 0 1 0 FORWARD_PCB=1
l 5 508000 762000 2032000 762000 2032000 -762000 508000 -762000 508000 762000
|GRPHSTL -1 -1 -1 1
P 1 762000 1270000 762000 762000 0 0 0
L 762000 685800 228600 1 8 0 1 0 1
A 711200 914400 203200 1 3 3 #=1
A 0 0 9 0 3 0 PINTYPE=BI
P 2 1016000 1270000 1016000 762000 0 0 0
L 1016000 685800 228600 1 8 0 1 0 2
A 965200 914400 203200 1 3 3 #=2
A 0 0 9 0 3 0 PINTYPE=BI
P 3 1270000 1270000 1270000 762000 0 0 0
L 1270000 685800 228600 1 8 0 1 0 3
A 1219200 914400 203200 1 3 3 #=3
A 0 0 9 0 3 0 PINTYPE=BI
P 4 1524000 1270000 1524000 762000 0 0 0
L 1524000 685800 228600 1 8 0 1 0 4
A 1473200 914400 203200 1 3 3 #=4
A 0 0 9 0 3 0 PINTYPE=BI
P 5 1778000 1270000 1778000 762000 0 0 0
L 1778000 685800 228600 1 8 0 1 0 5
A 1727200 914400 203200 1 3 3 #=5
A 0 0 9 0 3 0 PINTYPE=BI
P 6 762000 -1270000 762000 -762000 0 1 0
L 762000 -685800 228600 1 2 0 1 0 6
A 711200 -914400 203200 1 9 3 #=6
A 0 0 9 0 3 0 PINTYPE=BI
P 7 1016000 -1270000 1016000 -762000 0 1 0
L 1016000 -685800 228600 1 2 0 1 0 7
A 965200 -914400 203200 1 9 3 #=7
A 0 0 9 0 3 0 PINTYPE=BI
P 8 1270000 -1270000 1270000 -762000 0 1 0
L 1270000 -685800 228600 1 2 0 1 0 8
A 1219200 -914400 203200 1 9 3 #=8
A 0 0 9 0 3 0 PINTYPE=BI
P 9 1524000 -1270000 1524000 -762000 0 1 0
L 1524000 -685800 228600 1 2 0 1 0 9
A 1473200 -914400 203200 1 9 3 #=9
A 0 0 9 0 3 0 PINTYPE=BI
P 10 2540000 0 2032000 0 0 3 0
L 1955800 0 228600 0 8 0 1 0 10
A 2184400 50800 203200 0 3 3 #=10
A 0 0 9 0 3 0 PINTYPE=BI
P 11 0 0 508000 0 0 2 0
L 584200 0 228600 0 2 0 1 0 11
A 355600 50800 203200 0 9 3 #=11
A 0 0 9 0 3 0 PINTYPE=BI
E
